
=====================================
Problem:leastsquares,  Algorithm:steepestbacktrack,  Initation:(10.000 13.000 43.000  3.000 )'
=====================================
Iter  	gnorm     	alpha       x     
0     	4.294e+02 	1.562e-02 	( 1.000e+01  1.300e+01  4.300e+01  3.000e+00 )
1     	2.416e+02 	1.562e-02 	( -1.929e+00  1.300e+01  4.300e+01  3.000e+00 )
2     	1.359e+02 	1.562e-02 	( 4.781e+00  1.300e+01  4.300e+01  3.000e+00 )
3     	7.643e+01 	1.562e-02 	( 1.007e+00  1.300e+01  4.300e+01  3.000e+00 )
4     	4.299e+01 	1.562e-02 	( 3.130e+00  1.300e+01  4.300e+01  3.000e+00 )
5     	2.418e+01 	1.562e-02 	( 1.935e+00  1.300e+01  4.300e+01  3.000e+00 )
6     	1.360e+01 	1.562e-02 	( 2.607e+00  1.300e+01  4.300e+01  3.000e+00 )
7     	7.652e+00 	1.562e-02 	( 2.229e+00  1.300e+01  4.300e+01  3.000e+00 )
8     	4.304e+00 	1.562e-02 	( 2.442e+00  1.300e+01  4.300e+01  3.000e+00 )
9     	2.421e+00 	1.562e-02 	( 2.322e+00  1.300e+01  4.300e+01  3.000e+00 )
10    	1.362e+00 	1.562e-02 	( 2.390e+00  1.300e+01  4.300e+01  3.000e+00 )
11    	7.660e-01 	1.562e-02 	( 2.352e+00  1.300e+01  4.300e+01  3.000e+00 )
12    	4.309e-01 	1.562e-02 	( 2.373e+00  1.300e+01  4.300e+01  3.000e+00 )
13    	2.424e-01 	1.562e-02 	( 2.361e+00  1.300e+01  4.300e+01  3.000e+00 )
14    	1.363e-01 	1.562e-02 	( 2.368e+00  1.300e+01  4.300e+01  3.000e+00 )
15    	7.669e-02 	1.562e-02 	( 2.364e+00  1.300e+01  4.300e+01  3.000e+00 )
16    	4.314e-02 	1.562e-02 	( 2.366e+00  1.300e+01  4.300e+01  3.000e+00 )
17    	2.427e-02 	1.562e-02 	( 2.365e+00  1.300e+01  4.300e+01  3.000e+00 )
18    	1.365e-02 	1.562e-02 	( 2.366e+00  1.300e+01  4.300e+01  3.000e+00 )
19    	7.678e-03 	1.562e-02 	( 2.365e+00  1.300e+01  4.300e+01  3.000e+00 )
20    	4.319e-03 	1.562e-02 	( 2.365e+00  1.300e+01  4.300e+01  3.000e+00 )
21    	2.429e-03 	1.562e-02 	( 2.365e+00  1.300e+01  4.300e+01  3.000e+00 )
22    	1.366e-03 	1.562e-02 	( 2.365e+00  1.300e+01  4.300e+01  3.000e+00 )
23    	7.686e-04 	1.562e-02 	( 2.365e+00  1.300e+01  4.300e+01  3.000e+00 )
24    	4.324e-04 	1.562e-02 	( 2.365e+00  1.300e+01  4.300e+01  3.000e+00 )

=====================================
Problem:leastsquares,  Algorithm:steepestwolfe,  Initation:(10.000 13.000 43.000  3.000 )'
=====================================
Iter  	gnorm     	alpha       x     
0     	4.294e+02 	1.562e-02 	( 1.000e+01  1.300e+01  4.300e+01  3.000e+00 )
1     	2.416e+02 	1.562e-02 	( -1.929e+00  1.300e+01  4.300e+01  3.000e+00 )
2     	1.359e+02 	1.562e-02 	( 4.781e+00  1.300e+01  4.300e+01  3.000e+00 )
3     	7.643e+01 	1.562e-02 	( 1.007e+00  1.300e+01  4.300e+01  3.000e+00 )
4     	4.299e+01 	1.562e-02 	( 3.130e+00  1.300e+01  4.300e+01  3.000e+00 )
5     	2.418e+01 	1.562e-02 	( 1.935e+00  1.300e+01  4.300e+01  3.000e+00 )
6     	1.360e+01 	1.562e-02 	( 2.607e+00  1.300e+01  4.300e+01  3.000e+00 )
7     	7.652e+00 	1.562e-02 	( 2.229e+00  1.300e+01  4.300e+01  3.000e+00 )
8     	4.304e+00 	1.562e-02 	( 2.442e+00  1.300e+01  4.300e+01  3.000e+00 )
9     	2.421e+00 	1.562e-02 	( 2.322e+00  1.300e+01  4.300e+01  3.000e+00 )
10    	1.362e+00 	1.562e-02 	( 2.390e+00  1.300e+01  4.300e+01  3.000e+00 )
11    	7.660e-01 	1.562e-02 	( 2.352e+00  1.300e+01  4.300e+01  3.000e+00 )
12    	4.309e-01 	1.562e-02 	( 2.373e+00  1.300e+01  4.300e+01  3.000e+00 )
13    	2.424e-01 	1.562e-02 	( 2.361e+00  1.300e+01  4.300e+01  3.000e+00 )
14    	1.363e-01 	1.562e-02 	( 2.368e+00  1.300e+01  4.300e+01  3.000e+00 )
15    	7.669e-02 	1.562e-02 	( 2.364e+00  1.300e+01  4.300e+01  3.000e+00 )
16    	4.314e-02 	1.562e-02 	( 2.366e+00  1.300e+01  4.300e+01  3.000e+00 )
17    	2.427e-02 	1.562e-02 	( 2.365e+00  1.300e+01  4.300e+01  3.000e+00 )
18    	1.365e-02 	1.562e-02 	( 2.366e+00  1.300e+01  4.300e+01  3.000e+00 )
19    	7.678e-03 	1.562e-02 	( 2.365e+00  1.300e+01  4.300e+01  3.000e+00 )
20    	4.319e-03 	1.562e-02 	( 2.365e+00  1.300e+01  4.300e+01  3.000e+00 )
21    	2.429e-03 	1.562e-02 	( 2.365e+00  1.300e+01  4.300e+01  3.000e+00 )
22    	1.366e-03 	1.562e-02 	( 2.365e+00  1.300e+01  4.300e+01  3.000e+00 )
23    	7.686e-04 	1.562e-02 	( 2.365e+00  1.300e+01  4.300e+01  3.000e+00 )
24    	4.324e-04 	1.562e-02 	( 2.365e+00  1.300e+01  4.300e+01  3.000e+00 )

=====================================
Problem:leastsquares,  Algorithm:newtonbacktrack,  Initation:(10.000 13.000 43.000  3.000 )'
=====================================
Iter  	gnorm     	alpha       x     
0     	7.559e+00 	1.000e+00 	( 1.000e+01  1.300e+01  4.300e+01  3.000e+00 )
1     	7.484e-02 	1.000e+00 	( 2.441e+00  1.300e+01  4.300e+01  3.000e+00 )
2     	7.410e-04 	1.000e+00 	( 2.366e+00  1.300e+01  4.300e+01  3.000e+00 )

=====================================
Problem:leastsquares,  Algorithm:newtonwolfe,  Initation:(10.000 13.000 43.000  3.000 )'
=====================================
Iter  	gnorm     	alpha       x     
0     	7.559e+00 	1.000e+00 	( 1.000e+01  1.300e+01  4.300e+01  3.000e+00 )
1     	7.484e-02 	1.000e+00 	( 2.441e+00  1.300e+01  4.300e+01  3.000e+00 )
2     	7.410e-04 	1.000e+00 	( 2.366e+00  1.300e+01  4.300e+01  3.000e+00 )

=====================================
Problem:leastsquares,  Algorithm:trustregioncg,  Initation:(10.000 13.000 43.000  3.000 )'
=====================================
Iter  	gnorm     	radius      x     
0     	6.635e+02 	2.000e+00 	( 9.000e+00  1.300e+01  4.300e+01  3.000e+00 )'
1     	4.635e+02 	4.000e+00 	( 7.000e+00  1.300e+01  4.300e+01  3.000e+00 )'
2     	6.346e+01 	8.000e+00 	( 3.000e+00  1.300e+01  4.300e+01  3.000e+00 )'
3     	6.346e+01 	2.000e+00 	( 3.000e+00  1.300e+01  4.300e+01  3.000e+00 )'
4     	6.346e+01 	5.000e-01 	( 3.000e+00  1.300e+01  4.300e+01  3.000e+00 )'
5     	1.346e+01 	1.000e+00 	( 2.500e+00  1.300e+01  4.300e+01  3.000e+00 )'
6     	1.346e+01 	2.500e-01 	( 2.500e+00  1.300e+01  4.300e+01  3.000e+00 )'
7     	1.346e+01 	6.250e-02 	( 2.500e+00  1.300e+01  4.300e+01  3.000e+00 )'
8     	7.209e+00 	1.250e-01 	( 2.438e+00  1.300e+01  4.300e+01  3.000e+00 )'
9     	7.209e+00 	3.125e-02 	( 2.438e+00  1.300e+01  4.300e+01  3.000e+00 )'
10    	4.084e+00 	6.250e-02 	( 2.406e+00  1.300e+01  4.300e+01  3.000e+00 )'
11    	4.084e+00 	1.562e-02 	( 2.406e+00  1.300e+01  4.300e+01  3.000e+00 )'
12    	2.521e+00 	3.125e-02 	( 2.391e+00  1.300e+01  4.300e+01  3.000e+00 )'
13    	2.521e+00 	7.812e-03 	( 2.391e+00  1.300e+01  4.300e+01  3.000e+00 )'
14    	1.740e+00 	1.562e-02 	( 2.383e+00  1.300e+01  4.300e+01  3.000e+00 )'
15    	1.777e-01 	3.125e-02 	( 2.367e+00  1.300e+01  4.300e+01  3.000e+00 )'
16    	1.777e-01 	7.812e-03 	( 2.367e+00  1.300e+01  4.300e+01  3.000e+00 )'
17    	1.777e-01 	1.953e-03 	( 2.367e+00  1.300e+01  4.300e+01  3.000e+00 )'
18    	1.777e-01 	4.883e-04 	( 2.367e+00  1.300e+01  4.300e+01  3.000e+00 )'
19    	1.288e-01 	9.766e-04 	( 2.367e+00  1.300e+01  4.300e+01  3.000e+00 )'
20    	3.118e-02 	1.953e-03 	( 2.366e+00  1.300e+01  4.300e+01  3.000e+00 )'
21    	3.118e-02 	4.883e-04 	( 2.366e+00  1.300e+01  4.300e+01  3.000e+00 )'
22    	3.118e-02 	1.221e-04 	( 2.366e+00  1.300e+01  4.300e+01  3.000e+00 )'
23    	1.898e-02 	2.441e-04 	( 2.366e+00  1.300e+01  4.300e+01  3.000e+00 )'
24    	1.898e-02 	6.104e-05 	( 2.366e+00  1.300e+01  4.300e+01  3.000e+00 )'
25    	1.287e-02 	1.221e-04 	( 2.366e+00  1.300e+01  4.300e+01  3.000e+00 )'
26    	6.666e-04 	2.441e-04 	( 2.365e+00  1.300e+01  4.300e+01  3.000e+00 )'

=====================================
Problem:leastsquares,  Algorithm:trustregionsr1cg,  Initation:(10.000 13.000 43.000  3.000 )'
=====================================
Iter  	gnorm     	radius      x     
0     	6.635e+02 	2.000e+00 	( 9.000e+00  1.300e+01  4.300e+01  3.000e+00 )'
1     	4.635e+02 	4.000e+00 	( 7.000e+00  1.300e+01  4.300e+01  3.000e+00 )'
2     	6.346e+01 	8.000e+00 	( 3.000e+00  1.300e+01  4.300e+01  3.000e+00 )'
3     	6.346e+01 	2.000e+00 	( 3.000e+00  1.300e+01  4.300e+01  3.000e+00 )'
4     	6.346e+01 	5.000e-01 	( 3.000e+00  1.300e+01  4.300e+01  3.000e+00 )'
5     	1.346e+01 	1.000e+00 	( 2.500e+00  1.300e+01  4.300e+01  3.000e+00 )'
6     	1.346e+01 	2.500e-01 	( 2.500e+00  1.300e+01  4.300e+01  3.000e+00 )'
7     	1.346e+01 	6.250e-02 	( 2.500e+00  1.300e+01  4.300e+01  3.000e+00 )'
8     	7.209e+00 	1.250e-01 	( 2.438e+00  1.300e+01  4.300e+01  3.000e+00 )'
9     	7.209e+00 	3.125e-02 	( 2.438e+00  1.300e+01  4.300e+01  3.000e+00 )'
10    	4.084e+00 	6.250e-02 	( 2.406e+00  1.300e+01  4.300e+01  3.000e+00 )'
11    	4.084e+00 	1.562e-02 	( 2.406e+00  1.300e+01  4.300e+01  3.000e+00 )'
12    	2.521e+00 	3.125e-02 	( 2.391e+00  1.300e+01  4.300e+01  3.000e+00 )'
13    	2.521e+00 	7.812e-03 	( 2.391e+00  1.300e+01  4.300e+01  3.000e+00 )'
14    	1.740e+00 	1.562e-02 	( 2.383e+00  1.300e+01  4.300e+01  3.000e+00 )'
15    	1.777e-01 	3.125e-02 	( 2.367e+00  1.300e+01  4.300e+01  3.000e+00 )'
16    	1.777e-01 	7.812e-03 	( 2.367e+00  1.300e+01  4.300e+01  3.000e+00 )'
17    	1.777e-01 	1.953e-03 	( 2.367e+00  1.300e+01  4.300e+01  3.000e+00 )'
18    	1.777e-01 	4.883e-04 	( 2.367e+00  1.300e+01  4.300e+01  3.000e+00 )'
19    	1.288e-01 	9.766e-04 	( 2.367e+00  1.300e+01  4.300e+01  3.000e+00 )'
20    	3.118e-02 	1.953e-03 	( 2.366e+00  1.300e+01  4.300e+01  3.000e+00 )'
21    	3.118e-02 	4.883e-04 	( 2.366e+00  1.300e+01  4.300e+01  3.000e+00 )'
22    	3.118e-02 	1.221e-04 	( 2.366e+00  1.300e+01  4.300e+01  3.000e+00 )'
23    	1.898e-02 	2.441e-04 	( 2.366e+00  1.300e+01  4.300e+01  3.000e+00 )'
24    	1.898e-02 	6.104e-05 	( 2.366e+00  1.300e+01  4.300e+01  3.000e+00 )'
25    	1.287e-02 	1.221e-04 	( 2.366e+00  1.300e+01  4.300e+01  3.000e+00 )'
26    	6.666e-04 	2.441e-04 	( 2.365e+00  1.300e+01  4.300e+01  3.000e+00 )'

=====================================
Problem:leastsquares,  Algorithm:bfgsbacktrack,  Initation:(10.000 13.000 43.000  3.000 )'
=====================================
Iter  	gnorm     	alpha       x     
0     	4.294e+02 	1.562e-02 	( 1.000e+01  1.300e+01  4.300e+01  3.000e+00 )
1     	5.485e-14 	1.000e+00 	( -1.929e+00  1.300e+01  4.300e+01  3.000e+00 )

=====================================
Problem:leastsquares,  Algorithm:bfgswolfe,  Initation:(10.000 13.000 43.000  3.000 )'
=====================================
Iter  	gnorm     	alpha       x     
0     	4.294e+02 	1.562e-02 	( 1.000e+01  1.300e+01  4.300e+01  3.000e+00 )
1     	5.485e-14 	1.000e+00 	( -1.929e+00  1.300e+01  4.300e+01  3.000e+00 )
